#C'dt(s)', 'Y(V)', 'FLOW(mbarl/s)', 'R(V)', 'PHASE(degrees)', 'FREQ(Hz)', 'dt(s)'
#I'TIME[].dt', 'SR830[GPIB0::1::INSTR].Y', 'PL300[GPIB0::1::INSTR].FLOW', 'SR830[GPIB0::1::INSTR].R', 'SR830[GPIB0::1::INSTR].PHASE', 'SR830[GPIB0::1::INSTR].FREQ', 'TIME[].dt'
#P'dt', 'Y', 'FLOW', 'R', 'PHASE', 'FREQ', 'dt'
15.19  -9.53679e-05  0.0  0.00741866  -0.738  100000.0  15.24
30.46  -9.53679e-05  0.0  0.00740436  -0.738  98390.0  30.51
45.68  -9.82289e-05  0.0  0.0074034  -0.762  96820.0  45.73
60.88  -9.91826e-05  0.0  0.00740245  -0.762  95270.0  60.93
76.12  -9.82289e-05  0.0  0.0074034  -0.756  93750.0  76.16
91.36  -9.72752e-05  0.0  0.00740436  -0.75  92240.0  91.41
106.61  -9.63216e-05  0.0  0.00740531  -0.744  90770.0  106.66
121.9  -9.25069e-05  0.0  0.00740913  -0.714  89320.0  121.94
137.15  -9.25069e-05  0.0  0.00741008  -0.714  87890.0  137.2
152.36  -8.96459e-05  0.0  0.00741103  -0.69  86480.0  152.41
167.56  -8.67848e-05  0.0  0.00741199  -0.672  85100.0  167.61
182.76  -8.67848e-05  0.0  0.00741199  -0.666  83730.0  182.81
197.96  -8.39238e-05  0.0  0.00741199  -0.642  82390.0  198.01
213.15  -8.39238e-05  0.0  0.00741199  -0.642  81070.0  213.2
228.36  -8.20165e-05  0.0  0.00741199  -0.63  79780.0  228.4
243.56  -8.10628e-05  0.0  0.00741199  -0.624  78500.0  243.6
258.74  -8.01091e-05  0.0  0.00741199  -0.618  77240.0  258.79
273.94  -8.01091e-05  0.0  0.00741199  -0.612  76010.0  273.98
289.14  -7.82018e-05  0.0  0.00741199  -0.606  74790.0  289.19
304.35  -7.72481e-05  0.0  0.00741103  -0.594  73590.0  304.39
319.55  -7.62944e-05  0.0  0.00741199  -0.588  72420.0  319.59
334.74  -7.53407e-05  0.0  0.00741199  -0.582  71260.0  334.79
349.95  -7.53407e-05  0.0  0.00741103  -0.582  70120.0  349.99
365.15  -7.43871e-05  0.0  0.00741103  -0.57  68990.0  365.19
380.37  -7.43871e-05  0.0  0.00741103  -0.57  67890.0  380.42
395.57  -7.53407e-05  0.0  0.00741199  -0.576  66800.0  395.62
410.78  -7.34334e-05  0.0  0.00741199  -0.57  65730.0  410.83
425.98  -7.24797e-05  0.0  0.00741199  -0.558  64680.0  426.02
441.18  -7.1526e-05  0.0  0.00741294  -0.552  63650.0  441.23
456.39  -7.34334e-05  0.0  0.00741294  -0.564  62630.0  456.44
471.59  -7.24797e-05  0.0  0.00741294  -0.558  61620.0  471.64
486.8  -7.1526e-05  0.0  0.00741389  -0.552  60640.0  486.85
502.0  -7.1526e-05  0.0  0.00741485  -0.546  59670.0  502.05
517.21  -7.1526e-05  0.0  0.00741485  -0.552  58710.0  517.25
532.41  -7.1526e-05  0.0  0.00741485  -0.552  57770.0  532.46
547.62  -7.1526e-05  0.0  0.0074158  -0.552  56850.0  547.67
562.84  -7.1526e-05  0.0  0.00741675  -0.552  55940.0  562.89
578.04  -7.1526e-05  0.0  0.00741675  -0.552  55040.0  578.09
593.24  -7.1526e-05  0.0  0.00741771  -0.546  54160.0  593.28
608.44  -7.05724e-05  0.0  0.00741771  -0.54  53290.0  608.48
623.64  -7.05724e-05  0.0  0.00741866  -0.54  52440.0  623.69
638.84  -7.05724e-05  0.0  0.00741866  -0.54  51600.0  638.89
654.04  -6.96187e-05  0.0  0.00741962  -0.534  50780.0  654.09
669.24  -6.96187e-05  0.0  0.00742057  -0.534  49960.0  669.29
684.44  -6.96187e-05  0.0  0.00742057  -0.534  49160.0  684.49
699.64  -6.8665e-05  0.0  0.00742152  -0.528  48380.0  699.69
714.84  -6.96187e-05  0.0  0.00742248  -0.534  47600.0  714.89
730.03  -6.96187e-05  0.0  0.00742343  -0.534  46840.0  730.08
745.23  -6.96187e-05  0.0  0.00742343  -0.534  46090.0  745.27
760.43  -6.8665e-05  0.0  0.00742534  -0.522  45350.0  760.48
775.63  -6.77113e-05  0.0  0.00742534  -0.516  44630.0  775.68
790.84  -6.77113e-05  0.0  0.00742534  -0.516  43910.0  790.89
806.05  -6.67577e-05  0.0  0.00742534  -0.516  43210.0  806.1
821.25  -6.67577e-05  0.0  0.00742629  -0.516  42520.0  821.29
836.45  -6.77113e-05  0.0  0.00742725  -0.516  41840.0  836.5
851.65  -6.67577e-05  0.0  0.0074282  -0.51  41170.0  851.69
866.85  -6.5804e-05  0.0  0.00742915  -0.504  40510.0  866.9
882.05  -6.5804e-05  0.0  0.00743011  -0.504  39860.0  882.1
897.25  -6.48503e-05  0.0  0.00743011  -0.498  39220.0  897.29
912.47  -6.48503e-05  0.0  0.00743011  -0.498  38590.0  912.51
927.66  -6.48503e-05  0.0  0.00743106  -0.498  37980.0  927.7
942.87  -6.48503e-05  0.0  0.00743106  -0.492  37370.0  942.91
958.06  -6.38966e-05  0.0  0.00743201  -0.486  36770.0  958.11
973.26  -6.38966e-05  0.0  0.00743201  -0.486  36180.0  973.31
988.46  -6.38966e-05  0.0  0.00743297  -0.486  35600.0  988.5
1003.66  -6.48503e-05  0.0  0.00743392  -0.492  35030.0  1003.71
1018.85  -6.48503e-05  0.0  0.00743487  -0.492  34470.0  1018.9
1034.05  -6.48503e-05  0.0  0.00743487  -0.492  33920.0  1034.1
1049.26  -6.38966e-05  0.0  0.00743583  -0.486  33380.0  1049.3
1064.46  -6.38966e-05  0.0  0.00743678  -0.486  32840.0  1064.5
1079.65  -6.38966e-05  0.0  0.00743678  -0.486  32320.0  1079.7
1094.85  -6.38966e-05  0.0  0.00743678  -0.486  31800.0  1094.89
1110.05  -6.2943e-05  0.0  0.00743774  -0.48  31290.0  1110.09
1125.25  -6.2943e-05  0.0  0.00743869  -0.474  30790.0  1125.3
1140.44  -6.19893e-05  0.0  0.00743869  -0.474  30300.0  1140.49
1155.64  -6.19893e-05  0.0  0.00743964  -0.474  29810.0  1155.69
1170.84  -6.10356e-05  0.0  0.0074406  -0.468  29340.0  1170.89
1186.05  -6.10356e-05  0.0  0.0074406  -0.468  28870.0  1186.09
1201.27  -6.00817e-05  0.0  0.0074406  -0.462  28400.0  1201.31
1216.47  -6.00817e-05  0.0  0.00744155  -0.456  27950.0  1216.52
1231.67  -6.00817e-05  0.0  0.00744155  -0.456  27500.0  1231.71
1246.88  -6.00817e-05  0.0  0.0074425  -0.456  27060.0  1246.92
1262.08  -6.00817e-05  0.0  0.0074425  -0.456  26630.0  1262.13
1277.28  -6.00817e-05  0.0  0.00744346  -0.456  26200.0  1277.33
1292.47  -6.00817e-05  0.0  0.00744346  -0.456  25780.0  1292.52
1307.68  -6.00817e-05  0.0  0.00744441  -0.456  25370.0  1307.73
1322.88  -6.00817e-05  0.0  0.00744441  -0.456  24960.0  1322.92
1338.09  -5.9128e-05  0.0  0.00744537  -0.45  24560.0  1338.14
1353.29  -5.9128e-05  0.0  0.00744537  -0.45  24170.0  1353.34
1368.48  -6.00817e-05  0.0  0.00744537  -0.456  23780.0  1368.53
1383.68  -5.9128e-05  0.0  0.00744537  -0.45  23400.0  1383.73
1398.89  -5.81744e-05  0.0  0.00744632  -0.444  23030.0  1398.94
1414.12  -5.81744e-05  0.0  0.00744632  -0.444  22660.0  1414.17
1429.31  -5.81744e-05  0.0  0.00744727  -0.444  22300.0  1429.36
1444.5  -5.9128e-05  0.0  0.00744727  -0.45  21940.0  1444.55
1459.71  -5.81744e-05  0.0  0.00744823  -0.444  21590.0  1459.76
1474.92  -5.81744e-05  0.0  0.00744823  -0.438  21240.0  1474.96
1490.11  -5.81744e-05  0.0  0.00744918  -0.438  20900.0  1490.16
1505.31  -5.72207e-05  0.0  0.00744918  -0.432  20570.0  1505.35
1520.5  -5.72207e-05  0.0  0.00745013  -0.432  20240.0  1520.55
1535.7  -5.81744e-05  0.0  0.00745013  -0.438  19920.0  1535.75
1550.9  -5.81744e-05  0.0  0.00745013  -0.438  19601.0  1550.95
1566.1  -5.81744e-05  0.0  0.00745109  -0.438  19287.0  1566.15
1581.3  -5.72207e-05  0.0  0.00745204  -0.432  18979.0  1581.35
1596.5  -5.72207e-05  0.0  0.00745204  -0.432  18675.0  1596.54
1611.7  -5.72207e-05  0.0  0.00745204  -0.432  18376.0  1611.75
1626.91  -5.6267e-05  0.0  0.00745204  -0.432  18082.0  1626.96
1642.11  -5.72207e-05  0.0  0.00745299  -0.432  17793.0  1642.16
1657.31  -5.81744e-05  0.0  0.00745299  -0.438  17508.0  1657.36
1672.53  -5.72207e-05  0.0  0.00745395  -0.432  17228.0  1672.57
1687.72  -5.81744e-05  0.0  0.00745395  -0.438  16952.0  1687.77
1702.93  -5.81744e-05  0.0  0.00745395  -0.438  16681.0  1702.97
1718.12  -5.81744e-05  0.0  0.00745395  -0.444  16414.0  1718.17
1733.32  -5.81744e-05  0.0  0.00745395  -0.444  16151.0  1733.37
1748.51  -5.81744e-05  0.0  0.0074549  -0.444  15892.0  1748.56
1763.72  -5.81744e-05  0.0  0.0074549  -0.444  15638.0  1763.77
1778.92  -5.81744e-05  0.0  0.00745586  -0.444  15388.0  1778.97
1794.14  -5.9128e-05  0.0  0.00745681  -0.45  15141.0  1794.19
1809.36  -5.9128e-05  0.0  0.00745681  -0.45  14899.0  1809.41
1824.56  -6.00817e-05  0.0  0.00745681  -0.456  14661.0  1824.6
1839.75  -6.00817e-05  0.0  0.00745681  -0.456  14426.0  1839.8
1854.94  -6.00817e-05  0.0  0.00745776  -0.456  14195.0  1854.99
1870.14  -5.9128e-05  0.0  0.00745776  -0.45  13968.0  1870.19
1885.33  -6.00817e-05  0.0  0.00745776  -0.456  13744.0  1885.38
1900.53  -6.00817e-05  0.0  0.00745872  -0.456  13524.0  1900.58
1915.73  -6.00817e-05  0.0  0.00745872  -0.462  13308.0  1915.78
1930.93  -6.10356e-05  0.0  0.00745967  -0.468  13095.0  1930.98
1946.13  -6.10356e-05  0.0  0.00745967  -0.468  12885.0  1946.18
1961.33  -6.19893e-05  0.0  0.00746062  -0.468  12679.0  1961.38
1976.53  -6.19893e-05  0.0  0.00746062  -0.468  12476.0  1976.57
1991.72  -6.19893e-05  0.0  0.00746062  -0.468  12276.0  1991.77
2006.91  -6.19893e-05  0.0  0.00746062  -0.468  12080.0  2006.96
2022.11  -6.2943e-05  0.0  0.00746062  -0.474  11887.0  2022.16
2037.31  -6.2943e-05  0.0  0.00746158  -0.48  11696.0  2037.36
2052.51  -6.38966e-05  0.0  0.00746253  -0.486  11509.0  2052.56
2067.7  -6.38966e-05  0.0  0.00746253  -0.486  11325.0  2067.75
2082.9  -6.48503e-05  0.0  0.00746349  -0.492  11144.0  2082.95
2098.09  -6.48503e-05  0.0  0.00746349  -0.498  10965.0  2098.14
2113.3  -6.5804e-05  0.0  0.00746349  -0.504  10790.0  2113.34
2128.5  -6.5804e-05  0.0  0.00746444  -0.504  10617.0  2128.54
2143.7  -6.67577e-05  0.0  0.00746444  -0.504  10447.0  2143.75
2158.9  -6.67577e-05  0.0  0.00746539  -0.504  10280.0  2158.95
2174.11  -6.67577e-05  0.0  0.00746539  -0.504  10115.0  2174.16
2189.31  -6.67577e-05  0.0  0.00746539  -0.51  9954.0  2189.36
2204.51  -6.67577e-05  0.0  0.00746635  -0.51  9794.0  2204.55
2219.71  -6.77113e-05  0.0  0.0074673  -0.516  9637.0  2219.76
2234.91  -6.8665e-05  0.0  0.0074673  -0.522  9483.0  2234.96
2250.1  -6.8665e-05  0.0  0.0074673  -0.522  9331.0  2250.14
2265.3  -6.8665e-05  0.0  0.00746825  -0.528  9182.0  2265.34
2280.49  -6.8665e-05  0.0  0.00746921  -0.528  9035.0  2280.54
2295.68  -6.96187e-05  0.0  0.00747016  -0.528  8890.0  2295.73
2310.88  -7.05724e-05  0.0  0.00747016  -0.534  8748.0  2310.93
2326.07  -7.1526e-05  0.0  0.00747111  -0.54  8608.0  2326.12
2341.27  -7.1526e-05  0.0  0.00747207  -0.546  8470.0  2341.31
2356.47  -7.24797e-05  0.0  0.00747207  -0.552  8335.0  2356.52
2371.68  -7.34334e-05  0.0  0.00747207  -0.558  8201.0  2371.73
2386.89  -7.34334e-05  0.0  0.00747302  -0.564  8070.0  2386.93
2402.09  -7.34334e-05  0.0  0.00747302  -0.564  7941.0  2402.14
2417.28  -7.43871e-05  0.0  0.00747398  -0.57  7814.0  2417.33
2432.49  -7.53407e-05  0.0  0.00747398  -0.576  7689.0  2432.54
2447.68  -7.62944e-05  0.0  0.00747493  -0.582  7566.0  2447.73
2462.88  -7.72481e-05  0.0  0.00747588  -0.588  7445.0  2462.93
2478.1  -7.82018e-05  0.0  0.00747684  -0.594  7325.0  2478.14
2493.31  -7.82018e-05  0.0  0.00747684  -0.594  7208.0  2493.35
2508.51  -7.82018e-05  0.0  0.00747779  -0.6  7093.0  2508.55
2523.7  -7.91554e-05  0.0  0.00747874  -0.6  6979.0  2523.75
2538.9  -8.01091e-05  0.0  0.00747874  -0.612  6868.0  2538.95
2554.12  -8.10628e-05  0.0  0.0074797  -0.618  6758.0  2554.16
2569.32  -8.10628e-05  0.0  0.00748065  -0.618  6650.0  2569.37
2584.54  -8.20165e-05  0.0  0.00748065  -0.624  6543.0  2584.59
2599.74  -8.29701e-05  0.0  0.00748065  -0.636  6438.0  2599.78
2614.93  -8.39238e-05  0.0  0.0074816  -0.636  6335.0  2614.98
2630.12  -8.48775e-05  0.0  0.00748351  -0.642  6234.0  2630.17
2645.32  -8.58312e-05  0.0  0.00748351  -0.654  6134.0  2645.36
2660.52  -8.58312e-05  0.0  0.00748351  -0.654  6036.0  2660.57
2675.72  -8.67848e-05  0.0  0.00748542  -0.66  5939.0  2675.77
2690.92  -8.77385e-05  0.0  0.00748542  -0.672  5844.0  2690.97
2706.12  -8.86922e-05  0.0  0.00748637  -0.672  5751.0  2706.17
2721.32  -8.86922e-05  0.0  0.00748733  -0.678  5659.0  2721.36
2736.51  -9.05995e-05  0.0  0.00748733  -0.69  5568.0  2736.56
2751.72  -9.15532e-05  0.0  0.00748828  -0.696  5479.0  2751.76
2766.91  -9.15532e-05  0.0  0.00748923  -0.702  5391.0  2766.96
2782.11  -9.34605e-05  0.0  0.00749019  -0.708  5305.0  2782.15
2797.3  -9.34605e-05  0.0  0.00749019  -0.714  5220.0  2797.35
2812.51  -9.44142e-05  0.0  0.00749114  -0.72  5137.0  2812.55
2827.71  -9.53679e-05  0.0  0.0074921  -0.726  5054.0  2827.76
2842.92  -9.53679e-05  0.0  0.00749305  -0.732  4973.0  2842.96
2858.12  -9.72752e-05  0.0  0.007494  -0.738  4894.0  2858.16
2873.31  -9.82289e-05  0.0  0.007494  -0.744  4815.0  2873.36
2888.51  -9.91826e-05  0.0  0.00749591  -0.756  4738.0  2888.56
2903.72  -0.000100136  0.0  0.00749686  -0.762  4663.0  2903.77
2918.93  -0.000100136  0.0  0.00749782  -0.762  4588.0  2918.98
2934.13  -0.00010109  0.0  0.00749877  -0.768  4514.0  2934.18
2949.33  -0.000102044  0.0  0.00749972  -0.78  4442.0  2949.37
2964.52  -0.000102997  0.0  0.00750068  -0.786  4371.0  2964.57
2979.72  -0.000103951  0.0  0.00750068  -0.792  4301.0  2979.77
2994.92  -0.000104905  0.0  0.00750259  -0.798  4232.0  2994.97
3010.12  -0.000105858  0.0  0.00750354  -0.804  4165.0  3010.16
3025.31  -0.000106812  0.0  0.00750449  -0.81  4098.0  3025.36
3040.5  -0.000106812  0.0  0.00750545  -0.816  4032.0  3040.55
3055.74  -0.000108719  0.0  0.0075064  -0.822  3968.0  3055.78
3070.94  -0.000108719  0.0  0.00750735  -0.828  3904.0  3070.99
3086.14  -0.000110627  0.0  0.00750926  -0.84  3842.0  3086.19
3101.34  -0.00011158  0.0  0.00751022  -0.846  3780.0  3101.38
3116.54  -0.000112534  0.0  0.00751212  -0.852  3720.0  3116.58
3131.74  -0.000113488  0.0  0.00751308  -0.858  3660.0  3131.78
3146.93  -0.000113488  0.0  0.00751403  -0.864  3602.0  3146.98
3162.13  -0.000115395  0.0  0.00751498  -0.876  3544.0  3162.18
3177.34  -0.000115395  0.0  0.00751594  -0.882  3487.0  3177.39
3192.54  -0.000116349  0.0  0.00751784  -0.882  3431.0  3192.59
3207.74  -0.000118256  0.0  0.0075188  -0.894  3376.0  3207.78
3222.94  -0.000118256  0.0  0.00752071  -0.9  3322.0  3222.98
3238.14  -0.00011921  0.0  0.00752166  -0.906  3269.0  3238.19
3253.35  -0.000120163  0.0  0.00752357  -0.912  3217.0  3253.4
3268.55  -0.000121117  0.0  0.00752547  -0.918  3165.0  3268.6
3283.74  -0.000122071  0.0  0.00752643  -0.93  3115.0  3283.79
3298.95  -0.000123025  0.0  0.00752738  -0.936  3065.0  3299.0
3314.14  -0.000123979  0.0  0.00752929  -0.942  3016.0  3314.19
3329.35  -0.000124932  0.0  0.0075312  -0.942  2968.0  3329.4
3344.55  -0.000125886  0.0  0.00753215  -0.954  2920.0  3344.6
3359.76  -0.00012684  0.0  0.00753406  -0.96  2873.0  3359.8
3374.96  -0.000127793  0.0  0.00753596  -0.966  2827.0  3375.01
3390.16  -0.000128747  0.0  0.00753692  -0.972  2782.0  3390.21
3405.36  -0.000128747  0.0  0.00753883  -0.978  2738.0  3405.41
3420.57  -0.000129701  0.0  0.00754073  -0.984  2694.0  3420.61
3435.76  -0.000131608  0.0  0.00754264  -0.99  2651.0  3435.81
3450.95  -0.000131608  0.0  0.00754359  -0.996  2608.0  3451.0
3466.16  -0.000133515  0.0  0.0075455  -1.008  2566.0  3466.21
3481.36  -0.000133515  0.0  0.00754741  -1.014  2525.0  3481.41
3496.57  -0.000134469  0.0  0.00754932  -1.014  2485.0  3496.62
3511.78  -0.000135423  0.0  0.00755027  -1.026  2445.0  3511.83
3526.99  -0.000136376  0.0  0.00755218  -1.032  2406.0  3527.04
3542.18  -0.00013733  0.0  0.00755408  -1.038  2367.0  3542.23
3557.39  -0.00013733  0.0  0.00755599  -1.044  2330.0  3557.44
3572.59  -0.000138284  0.0  0.0075579  -1.044  2292.0  3572.64
3587.79  -0.000140191  0.0  0.00755981  -1.056  2256.0  3587.84
3602.99  -0.000140191  0.0  0.00756076  -1.062  2219.0  3603.04
3618.19  -0.000141145  0.0  0.00756267  -1.068  2184.0  3618.24
3633.39  -0.000142098  0.0  0.00756553  -1.068  2149.0  3633.44
3648.58  -0.000142098  0.0  0.00756648  -1.074  2115.0  3648.63
3663.79  -0.000143052  0.0  0.00756839  -1.08  2081.0  3663.84
3678.99  -0.000144006  0.0  0.0075703  -1.086  2047.0  3679.04
3694.2  -0.000144006  0.0  0.0075722  -1.092  2015.0  3694.24
3709.41  -0.000144959  0.0  0.00757411  -1.092  1982.8  3709.45
3724.6  -0.000145913  0.0  0.00757602  -1.098  1951.1  3724.65
3739.81  -0.000146867  0.0  0.00757793  -1.104  1919.9  3739.86
3755.01  -0.000146867  0.0  0.00758079  -1.11  1889.1  3755.06
3770.21  -0.00014782  0.0  0.00758269  -1.11  1858.9  3770.26
3785.42  -0.000148774  0.0  0.0075846  -1.116  1829.2  3785.47
3800.62  -0.000148774  0.0  0.00758651  -1.122  1799.9  3800.67
3815.83  -0.000148774  0.0  0.00758842  -1.122  1771.1  3815.88
3831.04  -0.000149728  0.0  0.00759128  -1.128  1742.7  3831.08
3846.23  -0.000150681  0.0  0.00759318  -1.134  1714.8  3846.28
3861.45  -0.000150681  0.0  0.00759509  -1.134  1687.4  3861.5
3876.67  -0.000150681  0.0  0.007597  -1.134  1660.4  3876.71
3891.88  -0.000151635  0.0  0.00759891  -1.14  1633.8  3891.92
3907.07  -0.000151635  0.0  0.00760177  -1.14  1607.7  3907.12
3922.27  -0.000152589  0.0  0.00760368  -1.146  1581.9  3922.32
3937.47  -0.000153542  0.0  0.00760558  -1.152  1556.6  3937.52
3952.67  -0.000153542  0.0  0.00760749  -1.152  1531.7  3952.72
3967.87  -0.000153542  0.0  0.00761035  -1.152  1507.2  3967.92
3983.08  -0.000153542  0.0  0.00761226  -1.152  1483.1  3983.12
3998.28  -0.000153542  0.0  0.00761417  -1.152  1459.3  3998.33
4013.49  -0.000154496  0.0  0.00761703  -1.158  1436.0  4013.54
4028.69  -0.000154496  0.0  0.00761893  -1.158  1413.0  4028.74
4043.9  -0.000154496  0.0  0.00762084  -1.158  1390.4  4043.95
4059.11  -0.000154496  0.0  0.0076237  -1.158  1368.1  4059.15
4074.31  -0.00015545  0.0  0.00762561  -1.164  1346.2  4074.36
4089.52  -0.00015545  0.0  0.00762752  -1.164  1324.7  4089.57
4104.72  -0.00015545  0.0  0.00763038  -1.158  1303.5  4104.77
4119.93  -0.00015545  0.0  0.00763324  -1.158  1282.6  4119.98
4135.14  -0.00015545  0.0  0.00763515  -1.158  1262.1  4135.19
4150.35  -0.00015545  0.0  0.00763705  -1.158  1241.9  4150.4
4165.56  -0.00015545  0.0  0.00763991  -1.158  1222.0  4165.61
4180.76  -0.00015545  0.0  0.00764182  -1.158  1202.4  4180.81
4195.96  -0.00015545  0.0  0.00764373  -1.158  1183.2  4196.01
4211.16  -0.00015545  0.0  0.00764659  -1.158  1164.3  4211.21
4226.37  -0.00015545  0.0  0.0076485  -1.158  1145.6  4226.41
4241.58  -0.000154496  0.0  0.00765136  -1.152  1127.3  4241.63
4256.79  -0.000154496  0.0  0.00765327  -1.152  1109.2  4256.84
4271.99  -0.000154496  0.0  0.00765517  -1.152  1091.5  4272.04
4287.21  -0.000153542  0.0  0.00765708  -1.146  1074.0  4287.25
4302.4  -0.000153542  0.0  0.00765994  -1.146  1056.8  4302.45
4317.61  -0.000153542  0.0  0.00766185  -1.14  1039.9  4317.65
4332.81  -0.000153542  0.0  0.00766471  -1.14  1023.3  4332.86
4348.02  -0.000152589  0.0  0.00766662  -1.134  1006.9  4348.07
4363.24  -0.000152589  0.0  0.00766852  -1.134  990.8  4363.29
4378.44  -0.000152589  0.0  0.00767043  -1.134  974.9  4378.49
4393.65  -0.000151635  0.0  0.00767234  -1.128  959.3  4393.7
4408.85  -0.000150681  0.0  0.0076752  -1.128  944.0  4408.9
4424.06  -0.000150681  0.0  0.00767711  -1.122  928.8  4424.11
4439.26  -0.000150681  0.0  0.00767902  -1.116  914.0  4439.31
4454.46  -0.000149728  0.0  0.00768188  -1.116  899.4  4454.51
4469.67  -0.000149728  0.0  0.00768378  -1.116  885.0  4469.72
4484.87  -0.000148774  0.0  0.00768569  -1.11  870.8  4484.92
4500.08  -0.000148774  0.0  0.00768855  -1.104  856.9  4500.13
4515.28  -0.00014782  0.0  0.00769046  -1.098  843.1  4515.33
4530.49  -0.000146867  0.0  0.00769237  -1.092  829.6  4530.54
4545.7  -0.000146867  0.0  0.00769427  -1.092  816.4  4545.75
4560.91  -0.000145913  0.0  0.00769618  -1.08  803.3  4560.96
4576.12  -0.000144959  0.0  0.00769809  -1.08  790.4  4576.17
4591.33  -0.000144006  0.0  0.0077  -1.074  777.8  4591.38
4606.53  -0.000144006  0.0  0.00770286  -1.068  765.3  4606.58
4621.74  -0.000143052  0.0  0.00770476  -1.062  753.1  4621.79
4636.95  -0.000142098  0.0  0.00770667  -1.056  741.0  4637.0
4652.15  -0.000142098  0.0  0.00770858  -1.05  729.2  4652.19
4667.35  -0.000140191  0.0  0.00771049  -1.038  717.5  4667.39
4682.54  -0.000140191  0.0  0.00771239  -1.038  706.0  4682.59
4697.75  -0.000139237  0.0  0.0077143  -1.032  694.7  4697.8
4712.96  -0.000138284  0.0  0.00771621  -1.026  683.6  4713.01
4728.15  -0.00013733  0.0  0.00771812  -1.014  672.7  4728.2
4743.36  -0.00013733  0.0  0.00772002  -1.014  661.9  4743.41
4758.57  -0.000135423  0.0  0.00772193  -1.002  651.3  4758.61
4773.76  -0.000134469  0.0  0.00772384  -0.996  640.9  4773.81
4788.98  -0.000133515  0.0  0.00772479  -0.99  630.6  4789.03
4804.18  -0.000133515  0.0  0.0077267  -0.984  620.5  4804.23
4819.39  -0.000131608  0.0  0.00772861  -0.972  610.6  4819.44
4834.6  -0.000131608  0.0  0.00773051  -0.966  600.8  4834.64
4849.79  -0.000129701  0.0  0.00773242  -0.96  591.2  4849.84
4865.0  -0.000128747  0.0  0.00773433  -0.954  581.7  4865.05
4880.21  -0.000128747  0.0  0.00773528  -0.948  572.4  4880.26
4895.42  -0.00012684  0.0  0.00773814  -0.936  563.3  4895.47
4910.62  -0.000125886  0.0  0.0077391  -0.93  554.2  4910.66
4925.81  -0.000124932  0.0  0.00774005  -0.924  545.4  4925.86
4941.01  -0.000123979  0.0  0.00774196  -0.912  536.6  4941.06
4956.21  -0.000122071  0.0  0.00774291  -0.906  528.1  4956.26
4971.42  -0.000122071  0.0  0.00774482  -0.9  519.6  4971.47
4986.63  -0.000120163  0.0  0.00774577  -0.888  511.3  4986.68
5001.84  -0.000120163  0.0  0.00774768  -0.882  503.1  5001.89
5017.05  -0.00011921  0.0  0.00774863  -0.876  495.1  5017.09
5032.25  -0.000118256  0.0  0.00775054  -0.87  487.1  5032.3
5047.45  -0.000116349  0.0  0.00775149  -0.858  479.3  5047.5
5062.66  -0.000115395  0.0  0.0077534  -0.846  471.7  5062.71
5077.87  -0.000113488  0.0  0.00775436  -0.84  464.1  5077.92
5093.07  -0.000113488  0.0  0.00775531  -0.834  456.7  5093.12
5108.29  -0.00011158  0.0  0.00775722  -0.822  449.4  5108.33
5123.49  -0.00011158  0.0  0.00775817  -0.816  442.2  5123.53
5138.68  -0.000109673  0.0  0.00776008  -0.81  435.1  5138.73
5153.9  -0.000108719  0.0  0.00776103  -0.798  428.1  5153.94
5169.09  -0.000106812  0.0  0.00776199  -0.786  421.3  5169.14
5184.29  -0.000106812  0.0  0.00776294  -0.786  414.5  5184.34
5199.5  -0.000105858  0.0  0.00776485  -0.78  407.9  5199.54
5214.7  -0.000104905  0.0  0.00776485  -0.768  401.4  5214.75
5229.9  -0.000102997  0.0  0.00776675  -0.756  394.9  5229.95
5245.11  -0.000102044  0.0  0.00776771  -0.75  388.6  5245.16
5260.31  -0.00010109  0.0  0.00776866  -0.744  382.4  5260.36
5275.51  -0.000100136  0.0  0.00776961  -0.732  376.3  5275.56
5290.72  -9.82289e-05  0.0  0.00777057  -0.726  370.3  5290.76
5305.93  -9.82289e-05  0.0  0.00777152  -0.72  364.3  5305.98
5321.13  -9.63216e-05  0.0  0.00777248  -0.708  358.5  5321.17
5336.34  -9.53679e-05  0.0  0.00777343  -0.702  352.8  5336.38
5351.54  -9.44142e-05  0.0  0.00777438  -0.69  347.1  5351.59
5366.74  -9.34605e-05  0.0  0.00777534  -0.684  341.6  5366.78
5381.95  -9.15532e-05  0.0  0.00777629  -0.672  336.1  5381.99
5397.15  -9.05995e-05  0.0  0.00777724  -0.666  330.7  5397.2
5412.34  -8.96459e-05  0.0  0.00777724  -0.66  325.4  5412.39
5427.54  -8.86922e-05  0.0  0.0077782  -0.648  320.2  5427.58
5442.75  -8.77385e-05  0.0  0.00777915  -0.642  315.1  5442.8
5457.96  -8.67848e-05  0.0  0.0077801  -0.636  310.0  5458.01
5473.15  -8.58312e-05  0.0  0.00778106  -0.63  305.1  5473.2
5488.36  -8.48775e-05  0.0  0.00778201  -0.618  300.2  5488.4
5503.55  -8.39238e-05  0.0  0.00778201  -0.612  295.4  5503.6
5518.76  -8.20165e-05  0.0  0.00778297  -0.606  290.7  5518.81
5533.97  -8.20165e-05  0.0  0.00778392  -0.6  286.0  5534.02
5549.17  -8.01091e-05  0.0  0.00778392  -0.588  281.4  5549.22
5564.36  -7.91554e-05  0.0  0.00778487  -0.582  276.9  5564.41
5579.56  -7.82018e-05  0.0  0.00778583  -0.57  272.5  5579.61
5594.76  -7.72481e-05  0.0  0.00778678  -0.564  268.1  5594.81
5609.97  -7.62944e-05  0.0  0.00778678  -0.558  263.8  5610.02
5625.16  -7.53407e-05  0.0  0.00778869  -0.552  259.6  5625.21
5640.38  -7.53407e-05  0.0  0.00778869  -0.546  255.5  5640.42
5655.59  -7.34334e-05  0.0  0.00778869  -0.54  251.4  5655.64
5670.79  -7.24797e-05  0.0  0.00778869  -0.528  247.3  5670.84
5686.02  -7.1526e-05  0.0  0.00778964  -0.522  243.4  5686.06
5701.22  -7.05724e-05  0.0  0.00778964  -0.516  239.5  5701.27
5716.42  -6.96187e-05  0.0  0.0077906  -0.51  235.7  5716.47
5731.63  -6.8665e-05  0.0  0.0077906  -0.504  231.9  5731.67
5746.82  -6.77113e-05  0.0  0.00779155  -0.492  228.2  5746.87
5762.04  -6.67577e-05  0.0  0.0077925  -0.492  224.5  5762.09
5777.24  -6.5804e-05  0.0  0.0077925  -0.48  220.9  5777.29
5792.45  -6.5804e-05  0.0  0.00779346  -0.48  217.4  5792.5
5807.66  -6.48503e-05  0.0  0.00779346  -0.468  213.9  5807.71
5822.86  -6.38966e-05  0.0  0.00779441  -0.462  210.5  5822.91
5838.07  -6.2943e-05  0.0  0.00779441  -0.456  207.1  5838.12
5853.27  -6.19893e-05  0.0  0.00779536  -0.45  203.8  5853.32
5868.47  -6.10356e-05  0.0  0.00779536  -0.444  200.5  5868.52
5883.67  -5.9128e-05  0.0  0.00779536  -0.432  197.37  5883.72
5898.87  -5.81744e-05  0.0  0.00779536  -0.426  194.21  5898.92
5914.08  -5.81744e-05  0.0  0.00779632  -0.42  191.1  5914.13
5929.27  -5.6267e-05  0.0  0.00779727  -0.414  188.05  5929.32
5944.47  -5.6267e-05  0.0  0.00779727  -0.408  185.04  5944.52
5959.69  -5.53133e-05  0.0  0.00779727  -0.402  182.07  5959.74
5974.89  -5.43597e-05  0.0  0.00779727  -0.396  179.16  5974.94
5990.1  -5.3406e-05  0.0  0.00779822  -0.39  176.29  5990.15
6005.31  -5.24523e-05  0.0  0.00779822  -0.384  173.47  6005.36
6020.52  -5.14986e-05  0.0  0.00779918  -0.378  170.69  6020.57
6035.74  -5.14986e-05  0.0  0.00779918  -0.378  167.96  6035.79
6050.95  -5.14986e-05  0.0  0.00780013  -0.372  165.27  6051.0
6066.15  -4.95913e-05  0.0  0.00780013  -0.36  162.63  6066.19
6081.35  -4.95913e-05  0.0  0.00780013  -0.354  160.03  6081.39
6096.55  -4.86376e-05  0.0  0.00780013  -0.354  157.46  6096.6
6111.76  -4.86376e-05  0.0  0.00780013  -0.354  154.94  6111.81
6126.95  -4.67303e-05  0.0  0.00780109  -0.342  152.46  6127.0
6142.16  -4.67303e-05  0.0  0.00780109  -0.336  150.02  6142.21
6157.37  -4.57766e-05  0.0  0.00780109  -0.33  147.62  6157.42
6172.57  -4.48229e-05  0.0  0.00780204  -0.33  145.26  6172.61
6187.76  -4.48229e-05  0.0  0.00780204  -0.324  142.94  6187.81
6202.97  -4.48229e-05  0.0  0.00780204  -0.324  140.65  6203.02
6218.18  -4.29156e-05  0.0  0.00780204  -0.312  138.4  6218.23
6233.39  -4.29156e-05  0.0  0.00780204  -0.306  136.18  6233.44
6248.59  -4.10082e-05  0.0  0.00780204  -0.3  134.0  6248.64
6263.79  -4.10082e-05  0.0  0.00780204  -0.3  131.86  6263.84
6278.99  -4.00546e-05  0.0  0.00780299  -0.294  129.75  6279.04
6294.2  -4.00546e-05  0.0  0.00780299  -0.288  127.67  6294.25
6309.41  -4.00546e-05  0.0  0.00780299  -0.288  125.63  6309.46
6324.61  -3.91009e-05  0.0  0.00780299  -0.282  123.62  6324.66
6339.82  -3.91009e-05  0.0  0.00780395  -0.282  121.64  6339.87
6355.01  -3.81472e-05  0.0  0.00780395  -0.276  119.69  6355.06
6370.23  -3.71935e-05  0.0  0.00780395  -0.27  117.77  6370.28
6385.43  -3.71935e-05  0.0  0.00780395  -0.27  115.89  6385.47
6400.63  -3.62399e-05  0.0  0.0078049  -0.264  114.04  6400.68
6415.83  -3.62399e-05  0.0  0.00780395  -0.258  112.21  6415.88
6431.04  -3.52862e-05  0.0  0.00780395  -0.252  110.41  6431.09
6446.24  -3.43325e-05  0.0  0.00780395  -0.246  108.65  6446.29
6461.44  -3.43325e-05  0.0  0.0078049  -0.246  106.91  6461.48
6476.64  -3.33788e-05  0.0  0.0078049  -0.246  105.2  6476.69
6491.85  -3.33788e-05  0.0  0.0078049  -0.24  103.51  6491.9
6507.05  -3.24252e-05  0.0  0.0078049  -0.234  101.86  6507.1
6522.26  -3.14715e-05  0.0  0.00780585  -0.228  100.23  6522.3
6537.46  -3.14715e-05  0.0  0.0078049  -0.228  98.62  6537.51
6552.66  -3.14715e-05  0.0  0.00780585  -0.222  97.04  6552.71
6567.87  -3.14715e-05  0.0  0.00780585  -0.222  95.49  6567.91
6583.07  -3.05178e-05  0.0  0.00780681  -0.222  93.96  6583.12
6598.28  -2.9564e-05  0.0  0.00780681  -0.21  92.46  6598.32
6613.49  -2.9564e-05  0.0  0.00780681  -0.216  90.98  6613.54
6628.69  -2.9564e-05  0.0  0.00780681  -0.21  89.52  6628.74
6643.91  -2.9564e-05  0.0  0.00780585  -0.21  88.09  6643.95
6659.12  -2.86103e-05  0.0  0.00780681  -0.204  86.68  6659.17
6674.32  -2.86103e-05  0.0  0.00780681  -0.204  85.29  6674.36
6689.53  -2.6703e-05  0.0  0.00780681  -0.198  83.93  6689.57
6704.73  -2.6703e-05  0.0  0.00780681  -0.198  82.58  6704.77
6719.93  -2.6703e-05  0.0  0.00780681  -0.192  81.26  6719.98
6735.13  -2.6703e-05  0.0  0.00780681  -0.192  79.96  6735.17
6750.34  -2.57493e-05  0.0  0.00780681  -0.186  78.68  6750.39
6765.54  -2.57493e-05  0.0  0.00780681  -0.186  77.42  6765.59
6780.75  -2.47956e-05  0.0  0.00780681  -0.18  76.18  6780.8
6795.96  -2.47956e-05  0.0  0.00780681  -0.174  74.96  6796.01
6811.17  -2.47956e-05  0.0  0.00780681  -0.174  73.76  6811.21
6826.37  -2.47956e-05  0.0  0.00780681  -0.174  72.58  6826.42
6841.58  -2.28883e-05  0.0  0.00780776  -0.168  71.42  6841.63
6856.78  -2.28883e-05  0.0  0.00780681  -0.168  70.28  6856.83
6871.99  -2.28883e-05  0.0  0.00780776  -0.168  69.15  6872.03
6887.18  -2.28883e-05  0.0  0.00780776  -0.168  68.05  6887.23
6902.38  -2.0981e-05  0.0  0.00780681  -0.15  66.96  6902.43
6917.59  -2.0981e-05  0.0  0.00780776  -0.15  65.88  6917.63
6932.78  -2.0981e-05  0.0  0.00780872  -0.15  64.83  6932.83
6947.99  -2.0981e-05  0.0  0.00780776  -0.15  63.79  6948.03
6963.18  -2.19346e-05  0.0  0.00780776  -0.156  62.77  6963.23
6978.38  -2.0981e-05  0.0  0.00780776  -0.15  61.77  6978.43
6993.59  -2.00273e-05  0.0  0.00780872  -0.144  60.78  6993.64
7008.79  -2.00273e-05  0.0  0.00780872  -0.144  59.81  7008.84
7024.0  -1.90736e-05  0.0  0.00780776  -0.138  58.85  7024.04
7039.2  -2.00273e-05  0.0  0.00780872  -0.144  57.91  7039.24
7054.39  -2.00273e-05  0.0  0.00780776  -0.144  56.98  7054.43
7069.59  -2.00273e-05  0.0  0.00780872  -0.144  56.07  7069.64
7084.79  -1.90736e-05  0.0  0.00780776  -0.138  55.17  7084.83
7099.99  -1.81199e-05  0.0  0.00780872  -0.132  54.29  7100.04
7115.19  -1.81199e-05  0.0  0.00780872  -0.132  53.42  7115.24
7130.4  -1.81199e-05  0.0  0.00780872  -0.132  52.56  7130.45
7145.61  -1.81199e-05  0.0  0.00780872  -0.126  51.72  7145.66
7160.8  -1.81199e-05  0.0  0.00780872  -0.126  50.89  7160.85
7176.01  -1.71663e-05  0.0  0.00780872  -0.12  50.08  7176.06
7191.22  -1.71663e-05  0.0  0.00780872  -0.12  49.28  7191.27
7206.42  -1.71663e-05  0.0  0.00780872  -0.12  48.49  7206.47
7221.63  -1.71663e-05  0.0  0.00780872  -0.12  47.71  7221.67
7236.82  -1.62126e-05  0.0  0.00780872  -0.114  46.95  7236.87
7252.03  -1.71663e-05  0.0  0.00780872  -0.12  46.2  7252.08
7267.23  -1.52589e-05  0.0  0.00780776  -0.108  45.46  7267.28
7282.45  -1.62126e-05  0.0  0.00780872  -0.114  44.73  7282.5
7297.66  -1.62126e-05  0.0  0.00780967  -0.114  44.01  7297.71
7312.89  -1.52589e-05  0.0  0.00780967  -0.108  43.31  7312.94
7328.09  -1.62126e-05  0.0  0.00780967  -0.114  42.62  7328.14
7343.29  -1.43052e-05  0.0  0.00780967  -0.102  41.93  7343.34
7358.5  -1.43052e-05  0.0  0.00780776  -0.102  41.26  7358.55
7373.7  -1.43052e-05  0.0  0.00780776  -0.102  40.6  7373.75
7388.9  -1.62126e-05  0.0  0.00780872  -0.114  39.95  7388.95
7404.11  -1.52589e-05  0.0  0.00780967  -0.108  39.31  7404.16
7419.31  -1.43052e-05  0.0  0.00780776  -0.102  38.68  7419.36
7434.51  -1.33515e-05  0.0  0.00780776  -0.096  38.06  7434.56
7449.71  -1.23978e-05  0.0  0.00780776  -0.09  37.46  7449.76
7464.92  -1.52589e-05  0.0  0.00780872  -0.108  36.86  7464.97
7480.12  -1.23978e-05  0.0  0.00780872  -0.09  36.27  7480.17
7495.32  -1.33515e-05  0.0  0.00781062  -0.09  35.69  7495.37
7510.54  -1.33515e-05  0.0  0.00780776  -0.096  35.11  7510.59
7525.74  -1.23978e-05  0.0  0.00780776  -0.09  34.55  7525.79
7540.94  -1.33515e-05  0.0  0.00781062  -0.09  34.0  7540.99
7556.14  -1.14442e-05  0.0  0.00780872  -0.078  33.45  7556.18
7571.34  -1.23978e-05  0.0  0.00781062  -0.09  32.92  7571.39
7586.55  -1.14442e-05  0.0  0.00781062  -0.084  32.39  7586.6
7601.76  -1.14442e-05  0.0  0.00780872  -0.078  31.87  7601.81
7616.96  -1.14442e-05  0.0  0.00780872  -0.078  31.36  7617.01
7632.17  -1.23978e-05  0.0  0.00780872  -0.09  30.86  7632.22
7647.37  -1.23978e-05  0.0  0.00781062  -0.09  30.37  7647.42
7662.57  -1.14442e-05  0.0  0.00780872  -0.084  29.88  7662.62
7677.78  -1.14442e-05  0.0  0.00780872  -0.078  29.4  7677.83
7692.99  -1.23978e-05  0.0  0.00781062  -0.09  28.93  7693.04
7708.21  -1.23978e-05  0.0  0.00780872  -0.09  28.47  7708.25
7723.41  -1.04905e-05  0.0  0.00780967  -0.072  28.01  7723.46
7738.91  -1.14442e-05  0.0  0.00780967  -0.078  27.57  7738.96
7754.11  -1.14442e-05  0.0  0.00780872  -0.078  27.12  7754.16
7769.31  -1.04905e-05  0.0  0.00780967  -0.072  26.69  7769.36
7784.54  -1.04905e-05  0.0  0.00780967  -0.072  26.26  7784.59
7799.74  -1.04905e-05  0.0  0.00780872  -0.072  25.84  7799.79
7814.94  -1.04905e-05  0.0  0.00780967  -0.072  25.43  7814.99
7830.15  -1.04905e-05  0.0  0.00780967  -0.072  25.02  7830.2
7845.35  -1.04905e-05  0.0  0.00780872  -0.072  24.62  7845.4
7860.56  -1.04905e-05  0.0  0.00780967  -0.072  24.23  7860.61
7875.76  -1.04905e-05  0.0  0.00780872  -0.072  23.84  7875.81
7890.97  -1.04905e-05  0.0  0.00780967  -0.072  23.46  7891.02
7906.17  -9.5368e-06  0.0  0.00781062  -0.066  23.08  7906.22
7921.38  -8.58313e-06  0.0  0.00780967  -0.06  22.71  7921.43
7936.59  -9.5368e-06  0.0  0.00780872  -0.066  22.35  7936.64
7951.79  -9.5368e-06  0.0  0.00780872  -0.066  21.99  7951.84
7966.99  -8.58313e-06  0.0  0.00781062  -0.06  21.64  7967.04
7982.2  -1.04905e-05  0.0  0.00780872  -0.072  21.29  7982.25
7997.41  -8.58313e-06  0.0  0.00780967  -0.06  20.95  7997.46
8012.62  -9.5368e-06  0.0  0.00781158  -0.066  20.62  8012.67
8027.83  -1.04905e-05  0.0  0.00780872  -0.072  20.29  8027.88
8043.04  -7.62945e-06  0.0  0.00781062  -0.054  19.966  8043.09
8058.24  -6.67575e-06  0.0  0.00781062  -0.048  19.646  8058.29
8073.45  -1.04905e-05  0.0  0.00781062  -0.072  19.332  8073.5
8088.65  -1.04905e-05  0.0  0.00780872  -0.072  19.023  8088.7
8103.86  -1.04905e-05  0.0  0.00781062  -0.072  18.718  8103.91
8119.06  -1.14442e-05  0.0  0.00780967  -0.078  18.419  8119.11
8134.28  -8.58313e-06  0.0  0.00780776  -0.06  18.124  8134.33
8149.48  -7.62945e-06  0.0  0.00781256  -0.054  17.834  8149.53
8164.68  -9.5368e-06  0.0  0.00781256  -0.066  17.548  8164.73
8179.89  -5.72208e-06  0.0  0.00781062  -0.042  17.267  8179.94
8195.11  -1.04905e-05  0.0  0.00781158  -0.072  16.991  8195.15
8210.31  -9.5368e-06  0.0  0.00781351  -0.066  16.719  8210.36
8225.52  -9.5368e-06  0.0  0.00780776  -0.066  16.451  8225.57
8240.72  -6.67575e-06  0.0  0.00781351  -0.048  16.188  8240.77
8255.93  -7.62945e-06  0.0  0.00780776  -0.054  15.929  8255.98
8271.13  -5.72208e-06  0.0  0.00780872  -0.042  15.674  8271.18
8286.33  -9.5368e-06  0.0  0.00781351  -0.066  15.423  8286.38
8301.54  -1.14442e-05  0.0  0.00781158  -0.078  15.176  8301.59
8316.74  -4.7684e-06  0.0  0.00781351  -0.03  14.933  8316.79
8331.95  -7.62945e-06  0.0  0.00781447  -0.054  14.694  8331.99
8347.15  -4.7684e-06  0.0  0.00781351  -0.03  14.459  8347.2
8362.36  -4.7684e-06  0.0  0.00780967  -0.03  14.228  8362.41
8377.57  -6.67575e-06  0.0  0.00780681  -0.042  14.0  8377.62
8392.78  -9.5368e-06  0.0  0.00780681  -0.066  13.776  8392.83
8407.98  -1.04905e-05  0.0  0.00780872  -0.072  13.556  8408.03
8423.17  -1.04905e-05  0.0  0.00780872  -0.072  13.339  8423.22
8438.38  -5.72208e-06  0.0  0.00781542  -0.042  13.125  8438.43
8453.59  -1.14442e-05  0.0  0.00781062  -0.078  12.915  8453.63
8468.79  -4.7684e-06  0.0  0.00781542  -0.03  12.708  8468.84
8484.0  -9.5368e-06  0.0  0.00780872  -0.066  12.505  8484.05
8499.21  -2.86104e-06  0.0  0.00780872  -0.018  12.305  8499.26
8514.41  -1.04905e-05  0.0  0.00781351  -0.072  12.108  8514.46
8529.62  -1.14442e-05  0.0  0.00781158  -0.084  11.914  8529.67
8544.82  -1.90736e-06  0.0  0.00780967  -0.012  11.723  8544.87
8560.03  -1.14442e-05  0.0  0.00781062  -0.078  11.536  8560.08
8575.24  -1.04905e-05  0.0  0.00781447  -0.072  11.351  8575.29
8590.45  -8.58313e-06  0.0  0.00780776  -0.06  11.169  8590.49
8605.67  -9.5368e-06  0.0  0.00780872  -0.066  10.991  8605.72
8620.87  -4.7684e-06  0.0  0.00781542  -0.036  10.815  8620.92
8636.08  0.0  0.0  0.00781062  -0.006  10.642  8636.12
8651.28  -9.5368e-06  0.0  0.00780872  -0.066  10.471  8651.33
8666.49  -9.53682e-07  0.0  0.00781062  -0.006  10.304  8666.54
8681.7  -9.5368e-06  0.0  0.00780872  -0.066  10.139  8681.75
8696.91  -9.53682e-07  0.0  0.00781256  -0.006  9.977  8696.96
8712.12  -1.14442e-05  0.0  0.00781351  -0.078  9.817  8712.17
8727.33  -4.7684e-06  0.0  0.00781733  -0.03  9.66  8727.38
8742.53  0.0  0.0  0.00781158  0.006  9.505  8742.58
8757.73  0.0  0.0  0.00781256  0.0  9.353  8757.77
8772.91  0.0  0.0  0.00781062  0.006  9.203  8772.96
8788.11  -5.72208e-06  0.0  0.00780681  -0.042  9.056  8788.16
8803.31  0.0  0.0  0.00781351  0.0  8.911  8803.35
8818.49  -9.5368e-06  0.0  0.00780967  -0.066  8.768  8818.54
8833.69  -5.72208e-06  0.0  0.00781733  -0.042  8.628  8833.74
8848.89  -9.5368e-06  0.0  0.00780872  -0.066  8.49  8848.94
8864.1  -9.5368e-06  0.0  0.00780681  -0.066  8.354  8864.15
8879.31  0.0  0.0  0.00780872  0.0  8.22  8879.35
8894.5  -7.62945e-06  0.0  0.00780681  -0.054  8.089  8894.54
8909.69  -9.5368e-06  0.0  0.00780872  -0.066  7.959  8909.74
8924.89  -1.14442e-05  0.0  0.00781351  -0.078  7.832  8924.94
8940.1  -1.04905e-05  0.0  0.00781062  -0.072  7.707  8940.14
8955.31  9.53682e-07  0.0  0.00781256  0.012  7.583  8955.35
8970.5  -8.58313e-06  0.0  0.00780872  -0.06  7.462  8970.55
8985.72  -8.58313e-06  0.0  0.00780681  -0.06  7.342  8985.76
9000.91  -1.90736e-06  0.0  0.00780681  -0.012  7.225  9000.96
9016.11  -9.5368e-06  0.0  0.00781447  -0.066  7.109  9016.16
9031.32  -6.67575e-06  0.0  0.00780681  -0.048  6.995  9031.37
9046.52  -9.5368e-06  0.0  0.00781542  -0.066  6.884  9046.57
9061.72  -4.7684e-06  0.0  0.00780681  -0.036  6.773  9061.77
9076.93  -6.67575e-06  0.0  0.00780681  -0.048  6.665  9076.98
9092.15  -1.04905e-05  0.0  0.00781062  -0.072  6.558  9092.2
9107.35  1.90736e-06  0.0  0.00781158  0.012  6.453  9107.4
9122.56  -4.7684e-06  0.0  0.00781828  -0.036  6.35  9122.61
9137.76  -9.5368e-06  0.0  0.00781447  -0.066  6.248  9137.81
9152.97  -1.04905e-05  0.0  0.00781447  -0.072  6.148  9153.02
9168.17  -1.04905e-05  0.0  0.00781447  -0.072  6.05  9168.22
9183.37  -9.5368e-06  0.0  0.00781733  -0.066  5.953  9183.42
9198.58  -9.5368e-06  0.0  0.00781542  -0.066  5.858  9198.63
9213.79  -9.5368e-06  0.0  0.00780872  -0.066  5.764  9213.84
9228.99  1.90736e-06  0.0  0.00780967  0.012  5.672  9229.04
9244.19  -4.7684e-06  0.0  0.00781924  -0.03  5.581  9244.23
9259.4  1.90736e-06  0.0  0.00781542  0.018  5.492  9259.44
9274.59  2.86104e-06  0.0  0.00781447  0.024  5.404  9274.64
9289.81  -6.67575e-06  0.0  0.00781733  -0.048  5.317  9289.86
9305.01  9.53682e-07  0.0  0.00781733  0.012  5.232  9305.06
9320.21  -4.7684e-06  0.0  0.00781924  -0.03  5.148  9320.26
9335.41  -9.53682e-07  0.0  0.00780776  -0.006  5.066  9335.46
9350.6  -3.81473e-06  0.0  0.00780681  -0.024  4.985  9350.65
9365.8  -4.7684e-06  0.0  0.00781924  -0.03  4.905  9365.85
9381.0  -6.67575e-06  0.0  0.00781828  -0.048  4.827  9381.05
9396.21  1.90736e-06  0.0  0.00781733  0.012  4.749  9396.26
9411.4  -8.58313e-06  0.0  0.00781062  -0.06  4.673  9411.45
9426.61  -7.62945e-06  0.0  0.00780872  -0.054  4.599  9426.66
9441.82  -9.5368e-06  0.0  0.00781351  -0.066  4.525  9441.87
9457.02  9.53682e-07  0.0  0.00781828  0.012  4.453  9457.06
9472.22  -9.5368e-06  0.0  0.00781447  -0.066  4.381  9472.27
9487.42  -1.90736e-06  0.0  0.00780681  -0.012  4.311  9487.47
9502.62  0.0  0.0  0.00780681  0.0  4.242  9502.66
9517.8  -5.72208e-06  0.0  0.00780776  -0.042  4.174  9517.85
9533.01  -9.5368e-06  0.0  0.00781351  -0.066  4.107  9533.05
9548.21  -7.62945e-06  0.0  0.00781733  -0.048  4.042  9548.26
9563.41  -5.72208e-06  0.0  0.00781924  -0.042  3.977  9563.45
9578.62  -2.86104e-06  0.0  0.00782019  -0.012  3.913  9578.67
9593.83  -4.7684e-06  0.0  0.00782019  -0.03  3.851  9593.88
9609.03  -8.58313e-06  0.0  0.00781542  -0.06  3.789  9609.08
9624.24  -3.81473e-06  0.0  0.00780681  -0.024  3.728  9624.29
9639.44  1.90736e-06  0.0  0.00781637  0.018  3.669  9639.49
9654.64  -5.72208e-06  0.0  0.00780872  -0.042  3.61  9654.69
9669.86  -7.62945e-06  0.0  0.00781733  -0.054  3.552  9669.91
9685.06  -9.5368e-06  0.0  0.00781351  -0.066  3.495  9685.11
9700.26  -2.86104e-06  0.0  0.00780681  -0.018  3.439  9700.3
9715.47  -4.7684e-06  0.0  0.00781924  -0.03  3.384  9715.51
9730.67  -2.86104e-06  0.0  0.00782019  -0.012  3.33  9730.72
9745.87  -8.58313e-06  0.0  0.00781158  -0.06  3.277  9745.92
9761.08  1.90736e-06  0.0  0.00781828  0.012  3.224  9761.13
9776.28  -2.86104e-06  0.0  0.00782019  -0.012  3.173  9776.33
9791.48  -2.86104e-06  0.0  0.00780681  -0.018  3.122  9791.53
9806.69  -6.67575e-06  0.0  0.00780872  -0.048  3.072  9806.74
9821.89  3.81473e-06  0.0  0.00781637  0.03  3.023  9821.94
9837.1  4.7684e-06  0.0  0.00781351  0.042  2.974  9837.15
9852.31  -7.62945e-06  0.0  0.00781351  -0.054  2.927  9852.36
9867.52  -8.58313e-06  0.0  0.00781158  -0.06  2.88  9867.57
9882.73  1.90736e-06  0.0  0.00781828  0.018  2.834  9882.78
9897.94  -6.67575e-06  0.0  0.00781637  -0.048  2.789  9897.99
9913.15  9.53682e-07  0.0  0.00782019  0.012  2.744  9913.19
9928.36  -4.7684e-06  0.0  0.00780776  -0.03  2.7  9928.41
9943.56  1.90736e-06  0.0  0.00780681  0.012  2.657  9943.61
9958.77  -4.7684e-06  0.0  0.00780776  -0.036  2.614  9958.82
9973.98  1.90736e-06  0.0  0.00781828  0.018  2.572  9974.02
9989.19  -6.67575e-06  0.0  0.00781733  -0.042  2.531  9989.24
10004.41  -7.62945e-06  0.0  0.00781733  -0.054  2.491  10004.46
10019.61  0.0  0.0  0.00782019  0.0  2.451  10019.65
10034.8  -4.7684e-06  0.0  0.00780776  -0.03  2.412  10034.85
10050.01  4.7684e-06  0.0  0.00781447  0.042  2.373  10050.06
10065.21  9.53682e-07  0.0  0.00782019  0.012  2.335  10065.26
10080.42  9.53682e-07  0.0  0.00782019  0.012  2.298  10080.47
10095.63  3.81473e-06  0.0  0.00781924  0.03  2.261  10095.68
10110.83  4.7684e-06  0.0  0.00781062  0.042  2.225  10110.88
10126.03  -6.67575e-06  0.0  0.00781256  -0.048  2.189  10126.08
10141.24  3.81473e-06  0.0  0.00781733  0.03  2.154  10141.29
10156.44  -6.67575e-06  0.0  0.00780872  -0.042  2.12  10156.49
10171.64  3.81473e-06  0.0  0.00781733  0.036  2.086  10171.69
10186.85  -7.62945e-06  0.0  0.00781351  -0.054  2.052  10186.9
10202.05  3.81473e-06  0.0  0.00781062  0.036  2.019  10202.1
10217.25  -2.86104e-06  0.0  0.00782019  -0.018  1.9875  10217.3
10232.45  0.0  0.0  0.00780681  0.0  1.9557  10232.49
10247.64  3.81473e-06  0.0  0.00781828  0.03  1.9244  10247.69
10262.84  -4.7684e-06  0.0  0.00780776  -0.03  1.8936  10262.89
10278.05  -9.53682e-07  0.0  0.00782019  -0.006  1.8632  10278.1
10293.25  5.72208e-06  0.0  0.00781158  0.042  1.8334  10293.3
10308.45  -3.81473e-06  0.0  0.00780681  -0.024  1.8041  10308.5
10323.66  -7.62945e-06  0.0  0.00781256  -0.054  1.7752  10323.7
10338.86  -8.58313e-06  0.0  0.00781256  -0.06  1.7468  10338.91
10354.07  -4.7684e-06  0.0  0.00780776  -0.036  1.7188  10354.12
10369.27  4.7684e-06  0.0  0.00780967  0.042  1.6913  10369.32
10384.47  -3.81473e-06  0.0  0.00781924  -0.024  1.6643  10384.52
10399.68  5.72208e-06  0.0  0.00781158  0.048  1.6376  10399.73
10414.88  0.0  0.0  0.00780681  0.006  1.6114  10414.92
10430.09  0.0  0.0  0.00780585  0.0  1.5856  10430.13
10445.27  5.72208e-06  0.0  0.00781062  0.042  1.5602  10445.32
10460.48  -6.67575e-06  0.0  0.00781733  -0.042  1.5353  10460.53
10475.68  5.72208e-06  0.0  0.00781637  0.042  1.5107  10475.73
10490.89  6.67575e-06  0.0  0.00781351  0.048  1.4865  10490.94
10506.09  0.0  0.0  0.00782019  0.0  1.4627  10506.13
10521.28  -3.81473e-06  0.0  0.00780681  -0.024  1.4393  10521.33
10536.48  -7.62945e-06  0.0  0.00781542  -0.054  1.4163  10536.53
10551.69  -7.62945e-06  0.0  0.00781351  -0.054  1.3936  10551.74
10566.9  3.81473e-06  0.0  0.00780872  0.036  1.3713  10566.95
10582.11  -5.72208e-06  0.0  0.00780872  -0.042  1.3494  10582.15
10597.3  -4.7684e-06  0.0  0.00780681  -0.036  1.3278  10597.35
10612.51  5.72208e-06  0.0  0.00781351  0.048  1.3065  10612.56
10627.71  0.0  0.0  0.00780585  0.0  1.2856  10627.75
10642.88  9.53682e-07  0.0  0.00780585  0.012  1.265  10642.93
10658.09  0.0  0.0  0.00782019  0.006  1.2448  10658.14
10673.29  5.72208e-06  0.0  0.00781733  0.042  1.2249  10673.34
10688.5  -3.81473e-06  0.0  0.00781924  -0.024  1.2053  10688.55
10703.7  5.72208e-06  0.0  0.00781256  0.048  1.186  10703.75
10718.9  5.72208e-06  0.0  0.00781542  0.048  1.167  10718.95
10734.11  -6.67575e-06  0.0  0.00781062  -0.042  1.1483  10734.16
10749.31  -7.62945e-06  0.0  0.00781447  -0.054  1.1299  10749.36
10764.52  2.86104e-06  0.0  0.00780681  0.024  1.1118  10764.57
10779.73  -3.81473e-06  0.0  0.00780681  -0.024  1.0941  10779.77
10794.93  5.72208e-06  0.0  0.00780967  0.048  1.0765  10794.98
10810.13  -3.81473e-06  0.0  0.00780681  -0.024  1.0593  10810.18
10825.32  3.81473e-06  0.0  0.00780681  0.03  1.0424  10825.37
10840.52  -7.62945e-06  0.0  0.00781062  -0.048  1.0257  10840.57
10855.73  -1.90736e-06  0.0  0.00780585  -0.012  1.0093  10855.78
10870.93  -6.67575e-06  0.0  0.00781542  -0.048  0.9931  10870.97
10886.13  -6.67575e-06  0.0  0.00780872  -0.042  0.9772  10886.18
10901.34  -4.7684e-06  0.0  0.00781828  -0.036  0.9616  10901.39
10916.55  -6.67575e-06  0.0  0.00780872  -0.042  0.9462  10916.6
10931.74  -5.72208e-06  0.0  0.00781733  -0.042  0.931  10931.79
10946.94  -4.7684e-06  0.0  0.00780681  -0.036  0.9161  10946.98
10962.15  -7.62945e-06  0.0  0.00781062  -0.054  0.9015  10962.2
10977.35  5.72208e-06  0.0  0.00781062  0.048  0.887  10977.4
10992.54  5.72208e-06  0.0  0.00780872  0.048  0.8729  10992.59
11007.75  -6.67575e-06  0.0  0.00781542  -0.042  0.8589  11007.8
11022.96  -6.67575e-06  0.0  0.00781062  -0.048  0.8451  11023.01
11038.16  -9.53682e-07  0.0  0.00782019  -0.006  0.8316  11038.21
11053.36  -6.67575e-06  0.0  0.00781062  -0.048  0.8183  11053.41
11068.56  -6.67575e-06  0.0  0.00781542  -0.048  0.8052  11068.6
11083.77  5.72208e-06  0.0  0.00780967  0.042  0.7923  11083.82
11098.97  6.67575e-06  0.0  0.00781351  0.054  0.7796  11099.01
11114.17  -9.53682e-07  0.0  0.00780681  -0.006  0.7672  11114.21
11129.38  6.67575e-06  0.0  0.00781447  0.054  0.7549  11129.43
11144.59  6.67575e-06  0.0  0.00781447  0.054  0.7428  11144.64
11159.79  -4.7684e-06  0.0  0.00780872  -0.036  0.7309  11159.84
11174.99  3.81473e-06  0.0  0.00780681  0.03  0.7192  11175.04
11190.2  -1.90736e-06  0.0  0.0078049  -0.012  0.7077  11190.24
11205.4  9.53682e-07  0.0  0.00782019  0.012  0.6964  11205.44
11220.59  -5.72208e-06  0.0  0.00781733  -0.042  0.6852  11220.64
11235.8  9.53682e-07  0.0  0.00782019  0.012  0.6743  11235.85
11251.01  0.0  0.0  0.00780585  0.0  0.6635  11251.05
11266.18  5.72208e-06  0.0  0.00780872  0.048  0.6529  11266.23
11281.39  0.0  0.0  0.0078049  0.006  0.6424  11281.44
11296.59  -9.53682e-07  0.0  0.00782019  -0.006  0.6321  11296.64
11311.79  -6.67575e-06  0.0  0.00781351  -0.048  0.622  11311.84
11327.0  -6.67575e-06  0.0  0.00781733  -0.042  0.612  11327.05
11342.21  7.62945e-06  0.0  0.00781447  0.06  0.6023  11342.26
11357.42  -2.86104e-06  0.0  0.00781924  -0.018  0.5926  11357.47
11372.62  -4.7684e-06  0.0  0.00781828  -0.03  0.5831  11372.66
11387.82  5.72208e-06  0.0  0.00781733  0.048  0.5738  11387.87
11403.02  -6.67575e-06  0.0  0.00781062  -0.042  0.5646  11403.07
11418.22  -9.53682e-07  0.0  0.00780681  -0.006  0.5556  11418.27
11433.43  -4.7684e-06  0.0  0.00780776  -0.036  0.5467  11433.47
11448.63  9.53682e-07  0.0  0.00782019  0.012  0.5379  11448.68
11463.83  -5.72208e-06  0.0  0.00780967  -0.042  0.5293  11463.88
11479.04  -2.86104e-06  0.0  0.00780681  -0.018  0.5209  11479.09
11494.25  -6.67575e-06  0.0  0.00781062  -0.048  0.5125  11494.3
11509.45  4.7684e-06  0.0  0.00781828  0.042  0.5043  11509.5
11559.7  3.81473e-06  0.0  0.00776866  0.036  0.4962  11559.74
11609.92  -9.53682e-07  0.0  0.00781351  -0.006  0.4883  11609.97
11660.12  -1.90736e-06  0.0  0.00781542  -0.012  0.4805  11660.17
11710.33  -1.90736e-06  0.0  0.00781158  -0.012  0.4728  11710.38
11760.53  1.90736e-06  0.0  0.00781542  0.012  0.4652  11760.58
11810.72  9.53682e-07  0.0  0.00781158  0.012  0.4578  11810.77
11860.93  0.0  0.0  0.00781062  0.006  0.4505  11860.98
11911.13  1.90736e-06  0.0  0.00781351  0.018  0.4432  11911.18
11961.34  -2.86104e-06  0.0  0.00781351  -0.012  0.4362  11961.39
12011.53  -9.53682e-07  0.0  0.00781542  -0.006  0.4292  12011.58
12061.75  -2.86104e-06  0.0  0.00781542  -0.012  0.4223  12061.79
12111.96  9.53682e-07  0.0  0.00781158  0.012  0.4155  12112.01
12162.16  -2.86104e-06  0.0  0.00781351  -0.012  0.4089  12162.21
12212.37  -1.90736e-06  0.0  0.00781351  -0.012  0.4024  12212.42
12262.57  1.90736e-06  0.0  0.00781447  0.018  0.3959  12262.62
12312.77  0.0  0.0  0.00781256  0.006  0.3896  12312.82
12362.97  1.90736e-06  0.0  0.00781351  0.012  0.3833  12363.01
12413.17  -9.53682e-07  0.0  0.00781637  -0.006  0.3772  12413.22
12463.38  0.0  0.0  0.00781733  0.006  0.3712  12463.42
12513.57  -2.86104e-06  0.0  0.00781447  -0.012  0.3652  12513.62
12563.78  9.53682e-07  0.0  0.00781733  0.012  0.3594  12563.83
12613.98  0.0  0.0  0.00781733  0.0  0.3536  12614.02
12664.16  0.0  0.0  0.00781351  0.006  0.348  12664.2
12714.35  0.0  0.0  0.00781351  0.0  0.3424  12714.39
12764.53  1.90736e-06  0.0  0.00781637  0.018  0.3369  12764.58
12814.73  1.90736e-06  0.0  0.00781447  0.018  0.3315  12814.78
12864.94  9.53682e-07  0.0  0.00781733  0.012  0.3262  12864.98
12915.15  1.90736e-06  0.0  0.00781542  0.018  0.321  12915.2
12965.36  9.53682e-07  0.0  0.00781733  0.012  0.3159  12965.4
13015.55  1.90736e-06  0.0  0.00781447  0.018  0.3108  13015.6
13065.76  1.90736e-06  0.0  0.00781733  0.018  0.3058  13065.8
13115.96  1.90736e-06  0.0  0.00781351  0.012  0.3009  13116.0
13166.16  1.90736e-06  0.0  0.00781637  0.018  0.2961  13166.21
13216.37  9.53682e-07  0.0  0.00781351  0.012  0.2914  13216.42
13266.57  2.86104e-06  0.0  0.00781637  0.024  0.2867  13266.62
13316.78  1.90736e-06  0.0  0.00781447  0.012  0.2821  13316.83
13366.99  1.90736e-06  0.0  0.00781733  0.012  0.2776  13367.03
13417.21  2.86104e-06  0.0  0.00781733  0.024  0.2732  13417.25
13467.41  -1.90736e-06  0.0  0.00781733  -0.012  0.2688  13467.45
13517.61  -2.86104e-06  0.0  0.00781733  -0.012  0.2645  13517.66
13567.82  1.90736e-06  0.0  0.00781733  0.018  0.2603  13567.87
13618.02  1.90736e-06  0.0  0.00781828  0.012  0.2561  13618.07
13668.22  1.90736e-06  0.0  0.00781542  0.018  0.252  13668.27
13718.41  1.90736e-06  0.0  0.00781924  0.012  0.248  13718.46
13768.62  2.86104e-06  0.0  0.00781733  0.024  0.244  13768.66
13818.82  -1.90736e-06  0.0  0.00781542  -0.012  0.2401  13818.87
13869.03  0.0  0.0  0.00781542  0.0  0.2363  13869.07
13919.22  -1.90736e-06  0.0  0.00781828  -0.012  0.2325  13919.27
13969.42  0.0  0.0  0.00781542  0.006  0.2287  13969.46
14019.61  0.0  0.0  0.00781447  0.006  0.2251  14019.66
14069.81  0.0  0.0  0.00781924  0.0  0.2215  14069.85
14120.0  -1.90736e-06  0.0  0.00781637  -0.012  0.2179  14120.05
14170.22  -1.90736e-06  0.0  0.00781828  -0.012  0.2145  14170.27
14220.43  2.86104e-06  0.0  0.00781733  0.018  0.211  14220.48
14270.63  1.90736e-06  0.0  0.00782019  0.012  0.2076  14270.68
14320.83  2.86104e-06  0.0  0.00781733  0.024  0.2043  14320.88
14371.03  -1.90736e-06  0.0  0.00781733  -0.012  0.201  14371.08
14421.22  0.0  0.0  0.00781542  0.0  0.1978  14421.26
14471.41  -1.90736e-06  0.0  0.00781637  -0.012  0.1947  14471.46
14521.61  1.90736e-06  0.0  0.00781924  0.018  0.1916  14521.66
14571.82  -9.53682e-07  0.0  0.00782019  -0.006  0.1885  14571.87
14622.01  0.0  0.0  0.00782019  0.0  0.1855  14622.05
14672.2  2.86104e-06  0.0  0.00781637  0.024  0.1825  14672.25
14722.4  9.53682e-07  0.0  0.00782019  0.012  0.1796  14722.45
14772.6  0.0  0.0  0.00782019  0.006  0.1767  14772.65
14822.81  2.86104e-06  0.0  0.00781828  0.024  0.1739  14822.86
14873.02  -1.90736e-06  0.0  0.00781828  -0.012  0.1711  14873.06
14923.23  0.0  0.0  0.00781637  0.0  0.1684  14923.27
14973.42  -1.90736e-06  0.0  0.00781733  -0.012  0.1657  14973.47
15023.62  9.53682e-07  0.0  0.00782019  0.012  0.163  15023.67
15073.83  -9.53682e-07  0.0  0.00781733  -0.006  0.1604  15073.87
15124.04  0.0  0.0  0.00781637  0.0  0.1578  15124.08
15174.23  -1.90736e-06  0.0  0.00781733  -0.012  0.1553  15174.27
15324.47  -2.28883e-05  0.0  0.00782877  -0.162  0.1528  15324.52
15474.68  9.53682e-07  0.0  0.00781924  0.012  0.1504  15474.73
15624.89  0.0  0.0  0.00781924  0.006  0.148  15624.93
15775.1  0.0  0.0  0.00781733  0.006  0.1456  15775.14
15925.31  0.0  0.0  0.00781924  0.006  0.1433  15925.35
16075.52  0.0  0.0  0.00781924  0.006  0.141  16075.56
16225.72  9.53682e-07  0.0  0.00781828  0.012  0.1387  16225.77
16375.92  0.0  0.0  0.00781924  0.006  0.1365  16375.97
16526.13  0.0  0.0  0.00781924  0.0  0.1343  16526.17
16676.32  9.53682e-07  0.0  0.00781924  0.012  0.1322  16676.37
16826.52  0.0  0.0  0.00781924  0.006  0.1301  16826.56
16976.73  0.0  0.0  0.00781924  0.006  0.128  16976.78
17126.93  9.53682e-07  0.0  0.00782019  0.012  0.1259  17126.99
17277.14  1.90736e-06  0.0  0.00782019  0.012  0.1239  17277.19
17427.34  9.53682e-07  0.0  0.00782019  0.012  0.1219  17427.39
17577.55  9.53682e-07  0.0  0.00781924  0.012  0.12  17577.6
17727.76  1.90736e-06  0.0  0.00782019  0.012  0.1181  17727.81
17877.96  0.0  0.0  0.00782019  0.006  0.1162  17878.01
18028.17  0.0  0.0  0.00782114  0.006  0.1143  18028.22
18178.37  0.0  0.0  0.00782019  0.006  0.1125  18178.42
18328.56  0.0  0.0  0.00782019  0.006  0.1107  18328.61
18478.76  0.0  0.0  0.00782019  0.006  0.1089  18478.81
18628.96  0.0  0.0  0.00782019  0.006  0.1072  18629.0
18779.16  0.0  0.0  0.00782019  0.006  0.1054  18779.2
18929.36  0.0  0.0  0.00782114  0.006  0.1038  18929.4
19079.55  0.0  0.0  0.00782019  0.0  0.1021  19079.59
19229.73  9.53682e-07  0.0  0.00782114  0.012  0.1005  19229.78
19379.94  0.0  0.0  0.00782114  0.006  0.0989  19379.98
19530.14  1.90736e-06  0.0  0.00782114  0.012  0.0973  19530.19
19680.34  0.0  0.0  0.0078221  0.006  0.0957  19680.39
19830.54  1.90736e-06  0.0  0.00782114  0.012  0.0942  19830.59
19980.75  0.0  0.0  0.00782114  0.006  0.0927  19980.8
20130.95  9.53682e-07  0.0  0.0078221  0.012  0.0912  20131.0
20281.15  0.0  0.0  0.00782019  0.006  0.0897  20281.2
20431.35  0.0  0.0  0.00782019  0.006  0.0883  20431.4
20581.54  9.53682e-07  0.0  0.0078221  0.012  0.0869  20581.58
20731.72  9.53682e-07  0.0  0.0078221  0.012  0.0855  20731.77
20881.91  1.90736e-06  0.0  0.00782114  0.012  0.0841  20881.96
21032.11  9.53682e-07  0.0  0.0078221  0.012  0.0828  21032.16
21182.3  1.90736e-06  0.0  0.0078221  0.012  0.0815  21182.35
21332.5  0.0  0.0  0.00782114  0.006  0.0802  21332.54
21482.68  0.0  0.0  0.00782114  0.006  0.0789  21482.73
21632.88  0.0  0.0  0.0078221  0.006  0.0776  21632.93
21783.07  0.0  0.0  0.00782019  0.006  0.0764  21783.12
21933.27  0.0  0.0  0.00782114  0.006  0.0751  21933.31
22083.45  9.53682e-07  0.0  0.0078221  0.012  0.0739  22083.5
22233.65  0.0  0.0  0.0078221  0.006  0.0728  22233.7
22383.85  9.53682e-07  0.0  0.0078221  0.012  0.0716  22383.9
22534.04  9.53682e-07  0.0  0.00782019  0.012  0.0704  22534.09
22684.24  1.90736e-06  0.0  0.00782114  0.012  0.0693  22684.29
22834.43  9.53682e-07  0.0  0.00782019  0.012  0.0682  22834.48
22984.62  9.53682e-07  0.0  0.0078221  0.012  0.0671  22984.66
23134.83  0.0  0.0  0.0078221  0.006  0.066  23134.88
23285.03  9.53682e-07  0.0  0.0078221  0.012  0.065  23285.07
23435.21  9.53682e-07  0.0  0.00782114  0.012  0.0639  23435.26
23585.4  1.90736e-06  0.0  0.0078221  0.012  0.0629  23585.45
23735.59  1.90736e-06  0.0  0.00782114  0.012  0.0619  23735.64
23885.78  0.0  0.0  0.0078221  0.0  0.0609  23885.82
24035.96  9.53682e-07  0.0  0.00782114  0.012  0.0599  24036.01
24186.14  9.53682e-07  0.0  0.00782114  0.012  0.059  24186.19
24336.34  0.0  0.0  0.0078221  0.0  0.058  24336.38
24486.51  1.90736e-06  0.0  0.00782114  0.012  0.0571  24486.56
24636.7  1.90736e-06  0.0  0.0078221  0.012  0.0562  24636.75
24786.9  1.90736e-06  0.0  0.0078221  0.012  0.0553  24786.95
24937.08  0.0  0.0  0.0078221  0.0  0.0544  24937.12
25087.26  1.90736e-06  0.0  0.00782114  0.012  0.0535  25087.31
25237.46  1.90736e-06  0.0  0.0078221  0.012  0.0527  25237.5
25387.65  1.90736e-06  0.0  0.00782114  0.012  0.0518  25387.69
25537.86  0.0  0.0  0.00782305  0.006  0.051  25537.91
25688.05  0.0  0.0  0.00782114  0.006  0.0502  25688.1
26188.3  3.81473e-06  0.0  0.00782686  0.036  0.0494  26188.35
26688.49  9.53682e-07  0.0  0.0078221  0.012  0.0486  26688.54
27188.69  9.53682e-07  0.0  0.0078221  0.012  0.0478  27188.74
27688.89  9.53682e-07  0.0  0.0078221  0.012  0.0471  27688.94
28189.09  9.53682e-07  0.0  0.0078221  0.012  0.0463  28189.14
28689.28  9.53682e-07  0.0  0.00782305  0.012  0.0456  28689.33
29189.48  9.53682e-07  0.0  0.00782305  0.012  0.0448  29189.53
29689.67  9.53682e-07  0.0  0.00782305  0.012  0.0441  29689.72
30189.87  9.53682e-07  0.0  0.00782305  0.012  0.0434  30189.92
30690.06  9.53682e-07  0.0  0.00782305  0.012  0.0427  30690.11
31190.25  9.53682e-07  0.0  0.00782305  0.012  0.042  31190.3
31690.43  9.53682e-07  0.0  0.007824  0.012  0.0414  31690.48
32190.62  9.53682e-07  0.0  0.007824  0.012  0.0407  32190.67
32690.81  9.53682e-07  0.0  0.007824  0.012  0.0401  32690.86
33191.0  9.53682e-07  0.0  0.007824  0.012  0.0394  33191.05
33691.2  9.53682e-07  0.0  0.007824  0.012  0.0388  33691.25
34191.4  9.53682e-07  0.0  0.007824  0.012  0.0382  34191.45
34691.61  9.53682e-07  0.0  0.007824  0.012  0.0375  34691.65
35191.8  9.53682e-07  0.0  0.007824  0.012  0.0369  35191.85
35692.0  9.53682e-07  0.0  0.007824  0.012  0.0364  35692.05
36192.19  9.53682e-07  0.0  0.007824  0.012  0.0358  36192.24
36692.39  9.53682e-07  0.0  0.007824  0.012  0.0352  36692.44
37192.58  9.53682e-07  0.0  0.007824  0.012  0.0346  37192.63
37692.8  9.53682e-07  0.0  0.007824  0.012  0.0341  37692.84
38193.0  9.53682e-07  0.0  0.007824  0.012  0.0335  38193.05
38693.19  9.53682e-07  0.0  0.007824  0.012  0.033  38693.24
39193.39  9.53682e-07  0.0  0.007824  0.012  0.0325  39193.43
39693.58  9.53682e-07  0.0  0.007824  0.012  0.032  39693.63
40193.78  9.53682e-07  0.0  0.007824  0.012  0.0314  40193.83
40693.98  9.53682e-07  0.0  0.007824  0.012  0.0309  40694.03
41194.17  9.53682e-07  0.0  0.007824  0.012  0.0304  41194.22
41694.36  9.53682e-07  0.0  0.00782496  0.012  0.03  41694.41
42194.56  9.53682e-07  0.0  0.00782496  0.012  0.0295  42194.61
42694.76  9.53682e-07  0.0  0.00782496  0.012  0.029  42694.8
43194.95  9.53682e-07  0.0  0.007824  0.012  0.0285  43195.0
43695.14  9.53682e-07  0.0  0.00782496  0.012  0.0281  43695.19
44195.33  9.53682e-07  0.0  0.00782496  0.012  0.0276  44195.38
44695.53  9.53682e-07  0.0  0.00782496  0.012  0.0272  44695.58
45195.73  9.53682e-07  0.0  0.00782496  0.012  0.0268  45195.78
45695.93  9.53682e-07  0.0  0.00782496  0.012  0.0263  45695.98
46196.13  9.53682e-07  0.0  0.00782496  0.012  0.0259  46196.18
46696.33  0.0  0.0  0.00782496  0.006  0.0255  46696.37
47196.52  9.53682e-07  0.0  0.00782496  0.012  0.0251  47196.57
47696.74  9.53682e-07  0.0  0.00782496  0.012  0.0247  47696.79
48196.94  9.53682e-07  0.0  0.007824  0.012  0.0243  48196.99
48697.13  9.53682e-07  0.0  0.00782305  0.012  0.0239  48697.18
49197.35  9.53682e-07  0.0  0.0078221  0.012  0.0235  49197.4
49697.56  9.53682e-07  0.0  0.00782114  0.012  0.0231  49697.61
50197.76  9.53682e-07  0.0  0.00782019  0.012  0.0228  50197.81
50697.96  9.53682e-07  0.0  0.00782019  0.012  0.0224  50698.01
51198.14  9.53682e-07  0.0  0.00781924  0.012  0.022  51198.19
51698.36  9.53682e-07  0.0  0.00781924  0.012  0.0217  51698.4
52198.55  9.53682e-07  0.0  0.00781828  0.012  0.0213  52198.6
52698.75  9.53682e-07  0.0  0.00781828  0.012  0.021  52698.8
53198.95  9.53682e-07  0.0  0.00781733  0.012  0.0207  53199.0
53699.15  1.90736e-06  0.0  0.00781733  0.012  0.0203  53699.19
54199.34  9.53682e-07  0.0  0.00781733  0.012  0.02  54199.39
54699.55  9.53682e-07  0.0  0.00781733  0.012  0.0197  54699.6
55199.75  1.90736e-06  0.0  0.00781637  0.012  0.0194  55199.8
55699.96  9.53682e-07  0.0  0.00781637  0.012  0.0191  55700.01
56200.16  9.53682e-07  0.0  0.00781542  0.012  0.0188  56200.21
56700.35  9.53682e-07  0.0  0.00781447  0.012  0.0185  56700.4
57200.54  1.90736e-06  0.0  0.00781351  0.012  0.0182  57200.59
57700.74  9.53682e-07  0.0  0.00781351  0.012  0.0179  57700.78
58200.94  9.53682e-07  0.0  0.00781351  0.012  0.0176  58200.99
58701.14  9.53682e-07  0.0  0.00781256  0.012  0.0173  58701.19
59201.34  9.53682e-07  0.0  0.00781447  0.012  0.017  59201.39
59701.55  0.0  0.0  0.00781542  0.006  0.0168  59701.59
